62
78
5
53
87
51
8
81
66
100
52
63
96
10
64
7
1
6
24
56
69
22
25
21
54
67
84
4
38
45
97
30
98
71
26
20
99
37
41
86
61
80
55
34
76
31
75
83
60
32
27
35
82
16
9
79
47
44
29
77
65
94
13
58
33
50
48
39
12
74
49
3
46
85
70
92
68
93
28
11
23
89
42
73
91
36
2
17
19
72
40
59
95
43
18
90
57
15
88
14
107
138
106
149
136
189
137
182
158
142
145
184
191
160
162
153
102
168
148
186
157
159
101
141
105
129
123
119
165
175
115
135
150
200
121
113
152
188
128
174
146
133
134
109
151
178
181
187
156
194
125
118
154
173
114
130
185
183
111
161
190
177
104
103
195
132
143
127
196
167
180
147
116
163
171
170
192
193
112
122
179
117
108
166
144
199
131
140
172
198
124
126
176
155
139
197
120
169
110
164
216
229
259
252
204
233
265
260
248
239
225
232
290
269
234
256
276
235
220
264
279
236
251
243
266
278
241
244
284
293
206
294
230
274
201
268
292
246
242
214
270
298
211
240
224
262
227
255
209
257
277
221
288
273
223
205
247
286
219
254
218
231
222
295
271
299
272
217
253
202
285
210
258
297
226
203
237
291
281
300
261
287
283
208
207
289
267
296
249
275
250
280
238
212
228
282
245
213
215
263
377
330
355
342
376
396
334
301
384
345
315
397
388
332
398
400
329
340
374
387
399
323
371
335
313
327
356
354
320
346
368
316
310
311
344
357
381
349
382
324
383
395
380
378
362
347
379
302
348
360
390
308
394
359
314
305
328
303
350
312
370
369
336
392
331
391
341
318
389
352
338
363
306
373
364
325
309
367
304
366
353
307
393
343
337
319
322
326
317
351
358
333
375
365
386
321
361
385
372
339
448
450
436
490
499
500
424
428
461
497
414
487
417
456
402
446
404
443
406
474
401
493
449
492
496
416
455
419
432
452
425
476
431
429
459
445
427
467
483
471
420
444
486
405
468
463
470
410
418
495
412
466
441
409
439
465
481
488
453
462
472
460
489
440
482
411
415
451
473
469
458
426
464
433
421
403
430
408
477
413
479
407
491
485
454
478
422
447
434
484
442
475
480
437
438
435
498
423
494
457